16 {1, 2, 11, 1452, 19, 20, 21, 22, 23, 24, 25, 1051, 1277, 1278, 447}
41 {1, 2, 11, 1452, 19, 20, 21, 22, 23, 24, 25, 1051, 1277, 1278, 447}

28 {97, 1476, 805, 204, 1710, 1688, 1113, 1049}
60 {97, 1476, 805, 204, 1710, 1688, 1113, 1049}

44 {1346, 1347, 1348, 725, 122}
207 {1346, 1347, 1348, 725, 122}

53 {802, 1290, 1291, 1292, 1293, 912, 914, 500, 1749, 1689, 1690}
54 {802, 1290, 1291, 1292, 1293, 912, 914, 1749, 1689, 1690}

58 {738, 1733, 1641, 650, 1548, 85, 1368}
62 {738, 1733, 1641, 650, 1548, 85, 1368}

70 {326, 329, 1385, 331, 682, 1613, 334, 143, 330}
71 {326, 329, 1385, 331, 682, 1613, 334, 143, 330}

224 {704, 706, 707, 1468, 699, 700, 702}
98 {704, 706, 707, 1468, 699, 700, 702}

128 {1153, 167, 426, 1103, 1648, 1585, 1778, 884, 885, 1716, 887, 886, 692, 826, 1723}
140 {1697, 1153, 167, 1416, 426, 1103, 1648, 1585, 1778, 1716, 884, 885, 887, 886, 692, 826, 1723}

152 {1027, 1028, 1029, 1030, 1032}
161 {1027, 1028, 1029, 1030, 1032}


186 {516, 517, 518, 519, 521, 1365}
179 {516, 517, 518, 519, 521, 1365}

